0156
0157
0158
0159
0167
0168
0169
0178
0179
0189
0256
0257
0258
0259
0267
0268
0269
0278
0279
0289
0356
0357
0358
0359
0367
0368
0369
0378
0379
0389
0456
0457
0458
0459
0467
0468
0469
0478
0479
0489
1256
1257
1258
1259
1267
1268
1269
1278
1279
1289
1356
1357
1358
1359
1367
1368
1369
1378
1379
1389
1456
1457
1458
1459
1467
1468
1469
1478
1479
1489
2356
2357
2358
2359
2367
2368
2369
2378
2379
2389
2456
2457
2458
2459
2467
2468
2469
2478
2479
2489
3456
3457
3458
3459
3467
3468
3469
3478
3479
3489
0123
0124
0134
0234
1234
5678
5679
5689
5789
6789
